"x"	"tFrameTimeIndex"	"group"	"meanMeanArea"	"counts"	"tHours"	"xCm"	"tHrs"
"130"	0.0587875871316	1	"GFP"	8.42427956090432	109.4	0	0.17109893352	0
"131"	0.0587875871316	1	"GFP_x4"	8.42427956090432	437.6	0	0.17109893352	0
"132"	0.0587875871316	1	"mCh"	12.1234686371733	124.6	0	0.17109893352	0
"133"	0.0587875871316	2	"GFP"	NA	81.4	0.418055555555556	0.17109893352	0.418055555555556
"134"	0.0587875871316	2	"GFP_x4"	NA	325.6	0.418055555555556	0.17109893352	0.418055555555556
"135"	0.0587875871316	2	"mCh"	12.2481849463908	110.4	0.418055555555556	0.17109893352	0.418055555555556
"136"	0.0587875871316	3	"GFP"	NA	73.7	0.836111111111111	0.17109893352	0.836111111111111
"137"	0.0587875871316	3	"GFP_x4"	NA	294.8	0.836111111111111	0.17109893352	0.836111111111111
"138"	0.0587875871316	3	"mCh"	11.8568874291242	102.1	0.836111111111111	0.17109893352	0.836111111111111
"139"	0.0587875871316	4	"GFP"	NA	88.8	1.25416666666667	0.17109893352	1.25416666666667
"140"	0.0587875871316	4	"GFP_x4"	NA	355.2	1.25416666666667	0.17109893352	1.25416666666667
"141"	0.0587875871316	4	"mCh"	11.5051371915438	132	1.25416666666667	0.17109893352	1.25416666666667
"142"	0.0587875871316	5	"GFP"	8.33389981513066	74.2	1.67222222222222	0.17109893352	1.67222222222222
"143"	0.0587875871316	5	"GFP_x4"	8.33389981513066	296.8	1.67222222222222	0.17109893352	1.67222222222222
"144"	0.0587875871316	5	"mCh"	12.3363336733308	135.6	1.67222222222222	0.17109893352	1.67222222222222
"145"	0.0587875871316	6	"GFP"	8.78823060121661	89.5	2.09027777777778	0.17109893352	2.09027777777778
"146"	0.0587875871316	6	"GFP_x4"	8.78823060121661	358	2.09027777777778	0.17109893352	2.09027777777778
"147"	0.0587875871316	6	"mCh"	12.8765188644493	162.5	2.09027777777778	0.17109893352	2.09027777777778
"148"	0.0587875871316	7	"GFP"	NA	86.8	2.50833333333333	0.17109893352	2.50833333333333
"149"	0.0587875871316	7	"GFP_x4"	NA	347.2	2.50833333333333	0.17109893352	2.50833333333333
"150"	0.0587875871316	7	"mCh"	12.3720124675188	179.7	2.50833333333333	0.17109893352	2.50833333333333
"151"	0.0587875871316	8	"GFP"	NA	76.7	2.92638888888889	0.17109893352	2.92638888888889
"152"	0.0587875871316	8	"GFP_x4"	NA	306.8	2.92638888888889	0.17109893352	2.92638888888889
"153"	0.0587875871316	8	"mCh"	12.6011529205008	172.7	2.92638888888889	0.17109893352	2.92638888888889
"154"	0.0587875871316	9	"GFP"	7.82877917884699	65.3	3.34444444444444	0.17109893352	3.34444444444444
"155"	0.0587875871316	9	"GFP_x4"	7.82877917884699	261.2	3.34444444444444	0.17109893352	3.34444444444444
"156"	0.0587875871316	9	"mCh"	11.6385318562803	171.3	3.34444444444444	0.17109893352	3.34444444444444
"157"	0.0587875871316	10	"GFP"	NA	50	3.7625	0.17109893352	3.7625
"158"	0.0587875871316	10	"GFP_x4"	NA	200	3.7625	0.17109893352	3.7625
"159"	0.0587875871316	10	"mCh"	11.3247997614464	141.1	3.7625	0.17109893352	3.7625
"160"	0.0587875871316	11	"GFP"	7.41493746950244	46.6	4.18055555555556	0.17109893352	4.18055555555556
"161"	0.0587875871316	11	"GFP_x4"	7.41493746950244	186.4	4.18055555555556	0.17109893352	4.18055555555556
"162"	0.0587875871316	11	"mCh"	11.8902207067611	126.6	4.18055555555556	0.17109893352	4.18055555555556
"163"	0.0587875871316	12	"GFP"	7.89574831629837	28.7	4.59861111111111	0.17109893352	4.59861111111111
"164"	0.0587875871316	12	"GFP_x4"	7.89574831629837	114.8	4.59861111111111	0.17109893352	4.59861111111111
"165"	0.0587875871316	12	"mCh"	12.3115731477266	98	4.59861111111111	0.17109893352	4.59861111111111
"166"	0.0587875871316	13	"GFP"	6.98732756363383	50.3	5.01666666666667	0.17109893352	5.01666666666667
"167"	0.0587875871316	13	"GFP_x4"	6.98732756363383	201.2	5.01666666666667	0.17109893352	5.01666666666667
"168"	0.0587875871316	13	"mCh"	11.9474321355593	140.2	5.01666666666667	0.17109893352	5.01666666666667
"169"	0.0587875871316	14	"GFP"	8.2276931713668	36.2	5.43472222222222	0.17109893352	5.43472222222222
"170"	0.0587875871316	14	"GFP_x4"	8.2276931713668	144.8	5.43472222222222	0.17109893352	5.43472222222222
"171"	0.0587875871316	14	"mCh"	11.3234674417567	99.4	5.43472222222222	0.17109893352	5.43472222222222
"172"	0.0587875871316	15	"GFP"	6.6986973552763	12	5.85277777777778	0.17109893352	5.85277777777778
"173"	0.0587875871316	15	"GFP_x4"	6.6986973552763	48	5.85277777777778	0.17109893352	5.85277777777778
"174"	0.0587875871316	15	"mCh"	11.4135544191965	39.2	5.85277777777778	0.17109893352	5.85277777777778
"175"	0.0587875871316	16	"GFP"	6.80063492063492	10	6.27083333333333	0.17109893352	6.27083333333333
"176"	0.0587875871316	16	"GFP_x4"	6.80063492063492	40	6.27083333333333	0.17109893352	6.27083333333333
"177"	0.0587875871316	16	"mCh"	11.8306408515216	32.2	6.27083333333333	0.17109893352	6.27083333333333
"178"	0.0587875871316	17	"GFP"	NA	10.1	6.68888888888889	0.17109893352	6.68888888888889
"179"	0.0587875871316	17	"GFP_x4"	NA	40.4	6.68888888888889	0.17109893352	6.68888888888889
"180"	0.0587875871316	17	"mCh"	12.6870597310491	27	6.68888888888889	0.17109893352	6.68888888888889
"181"	0.0587875871316	18	"GFP"	NA	8.1	7.10694444444444	0.17109893352	7.10694444444444
"182"	0.0587875871316	18	"GFP_x4"	NA	32.4	7.10694444444444	0.17109893352	7.10694444444444
"183"	0.0587875871316	18	"mCh"	11.9739319301388	20	7.10694444444444	0.17109893352	7.10694444444444
"184"	0.0587875871316	19	"GFP"	7.71544871794872	7.5	7.525	0.17109893352	7.525
"185"	0.0587875871316	19	"GFP_x4"	7.71544871794872	30	7.525	0.17109893352	7.525
"186"	0.0587875871316	19	"mCh"	11.9572524167562	19.6	7.525	0.17109893352	7.525
"187"	0.0587875871316	20	"GFP"	6.05111111111111	6.1	7.94305555555555	0.17109893352	7.94305555555555
"188"	0.0587875871316	20	"GFP_x4"	6.05111111111111	24.4	7.94305555555555	0.17109893352	7.94305555555555
"189"	0.0587875871316	20	"mCh"	12.6398196417404	18.4	7.94305555555555	0.17109893352	7.94305555555555
"190"	0.0587875871316	21	"GFP"	NA	6.5	8.36111111111111	0.17109893352	8.36111111111111
"191"	0.0587875871316	21	"GFP_x4"	NA	26	8.36111111111111	0.17109893352	8.36111111111111
"192"	0.0587875871316	21	"mCh"	NA	21.7	8.36111111111111	0.17109893352	8.36111111111111
"193"	0.0587875871316	22	"GFP"	7.51234848484849	6	8.77916666666667	0.17109893352	8.77916666666667
"194"	0.0587875871316	22	"GFP_x4"	7.51234848484849	24	8.77916666666667	0.17109893352	8.77916666666667
"195"	0.0587875871316	22	"mCh"	10.5823275977057	25.1	8.77916666666667	0.17109893352	8.77916666666667
"196"	0.0587875871316	23	"GFP"	6.66153043035396	7.5	9.19722222222222	0.17109893352	9.19722222222222
"197"	0.0587875871316	23	"GFP_x4"	6.66153043035396	30	9.19722222222222	0.17109893352	9.19722222222222
"198"	0.0587875871316	23	"mCh"	11.4767517883542	27.8	9.19722222222222	0.17109893352	9.19722222222222
"199"	0.0587875871316	24	"GFP"	6.59767676767677	7.4	9.61527777777778	0.17109893352	9.61527777777778
"200"	0.0587875871316	24	"GFP_x4"	6.59767676767677	29.6	9.61527777777778	0.17109893352	9.61527777777778
"201"	0.0587875871316	24	"mCh"	11.993614091289	29.1	9.61527777777778	0.17109893352	9.61527777777778
"202"	0.0587875871316	25	"GFP"	NA	7	10.0333333333333	0.17109893352	10.0333333333333
"203"	0.0587875871316	25	"GFP_x4"	NA	28	10.0333333333333	0.17109893352	10.0333333333333
"204"	0.0587875871316	25	"mCh"	11.6274199540041	35	10.0333333333333	0.17109893352	10.0333333333333
"205"	0.0587875871316	26	"GFP"	NA	6.6	10.4513888888889	0.17109893352	10.4513888888889
"206"	0.0587875871316	26	"GFP_x4"	NA	26.4	10.4513888888889	0.17109893352	10.4513888888889
"207"	0.0587875871316	26	"mCh"	11.5917868242868	31.7	10.4513888888889	0.17109893352	10.4513888888889
"208"	0.0587875871316	27	"GFP"	6.38055555555556	7.3	10.8694444444444	0.17109893352	10.8694444444444
"209"	0.0587875871316	27	"GFP_x4"	6.38055555555556	29.2	10.8694444444444	0.17109893352	10.8694444444444
"210"	0.0587875871316	27	"mCh"	11.394386342575	32.1	10.8694444444444	0.17109893352	10.8694444444444
"211"	0.0587875871316	28	"GFP"	6.22345945720946	9.6	11.2875	0.17109893352	11.2875
"212"	0.0587875871316	28	"GFP_x4"	6.22345945720946	38.4	11.2875	0.17109893352	11.2875
"213"	0.0587875871316	28	"mCh"	11.4747706037902	54.2	11.2875	0.17109893352	11.2875
"214"	0.0587875871316	29	"GFP"	6.45222222222222	14	11.7055555555556	0.17109893352	11.7055555555556
"215"	0.0587875871316	29	"GFP_x4"	6.45222222222222	56	11.7055555555556	0.17109893352	11.7055555555556
"216"	0.0587875871316	29	"mCh"	11.7464251925512	100.8	11.7055555555556	0.17109893352	11.7055555555556
"217"	0.0587875871316	30	"GFP"	6.82153209109731	17.6	12.1236111111111	0.17109893352	12.1236111111111
"218"	0.0587875871316	30	"GFP_x4"	6.82153209109731	70.4	12.1236111111111	0.17109893352	12.1236111111111
"219"	0.0587875871316	30	"mCh"	10.9427994526114	147.2	12.1236111111111	0.17109893352	12.1236111111111
"220"	0.0587875871316	31	"GFP"	6.12270258980785	14.5	12.5416666666667	0.17109893352	12.5416666666667
"221"	0.0587875871316	31	"GFP_x4"	6.12270258980785	58	12.5416666666667	0.17109893352	12.5416666666667
"222"	0.0587875871316	31	"mCh"	11.6331708077279	177.1	12.5416666666667	0.17109893352	12.5416666666667
"388"	0.0651256543128	1	"GFP"	8.06327609798532	101.9	0	0.80490565164	0
"389"	0.0651256543128	1	"GFP_x4"	8.06327609798532	407.6	0	0.80490565164	0
"390"	0.0651256543128	1	"mCh"	11.7139107850627	124.4	0	0.80490565164	0
"391"	0.0651256543128	2	"GFP"	8.47410636121421	103.7	0.418055555555556	0.80490565164	0.418055555555556
"392"	0.0651256543128	2	"GFP_x4"	8.47410636121421	414.8	0.418055555555556	0.80490565164	0.418055555555556
"393"	0.0651256543128	2	"mCh"	10.208186180242	119.8	0.418055555555556	0.80490565164	0.418055555555556
"394"	0.0651256543128	3	"GFP"	8.42788238048297	77.5	0.836111111111111	0.80490565164	0.836111111111111
"395"	0.0651256543128	3	"GFP_x4"	8.42788238048297	310	0.836111111111111	0.80490565164	0.836111111111111
"396"	0.0651256543128	3	"mCh"	10.5851966411638	125.5	0.836111111111111	0.80490565164	0.836111111111111
"397"	0.0651256543128	4	"GFP"	7.66730347845264	64.1	1.25416666666667	0.80490565164	1.25416666666667
"398"	0.0651256543128	4	"GFP_x4"	7.66730347845264	256.4	1.25416666666667	0.80490565164	1.25416666666667
"399"	0.0651256543128	4	"mCh"	10.71024472226	138.2	1.25416666666667	0.80490565164	1.25416666666667
"400"	0.0651256543128	5	"GFP"	8.26362566229368	78.7	1.67222222222222	0.80490565164	1.67222222222222
"401"	0.0651256543128	5	"GFP_x4"	8.26362566229368	314.8	1.67222222222222	0.80490565164	1.67222222222222
"402"	0.0651256543128	5	"mCh"	11.4860273158164	167.7	1.67222222222222	0.80490565164	1.67222222222222
"403"	0.0651256543128	6	"GFP"	8.87708031518869	88.9	2.09027777777778	0.80490565164	2.09027777777778
"404"	0.0651256543128	6	"GFP_x4"	8.87708031518869	355.6	2.09027777777778	0.80490565164	2.09027777777778
"405"	0.0651256543128	6	"mCh"	11.0353393807286	196.7	2.09027777777778	0.80490565164	2.09027777777778
"406"	0.0651256543128	7	"GFP"	8.1391106872582	78.7	2.50833333333333	0.80490565164	2.50833333333333
"407"	0.0651256543128	7	"GFP_x4"	8.1391106872582	314.8	2.50833333333333	0.80490565164	2.50833333333333
"408"	0.0651256543128	7	"mCh"	11.1323272201438	203.3	2.50833333333333	0.80490565164	2.50833333333333
"409"	0.0651256543128	8	"GFP"	7.75004980562759	70.9	2.92638888888889	0.80490565164	2.92638888888889
"410"	0.0651256543128	8	"GFP_x4"	7.75004980562759	283.6	2.92638888888889	0.80490565164	2.92638888888889
"411"	0.0651256543128	8	"mCh"	11.0978527885315	196.7	2.92638888888889	0.80490565164	2.92638888888889
"412"	0.0651256543128	9	"GFP"	7.76593424652662	87.6	3.34444444444444	0.80490565164	3.34444444444444
"413"	0.0651256543128	9	"GFP_x4"	7.76593424652662	350.4	3.34444444444444	0.80490565164	3.34444444444444
"414"	0.0651256543128	9	"mCh"	11.1726210126233	232.5	3.34444444444444	0.80490565164	3.34444444444444
"415"	0.0651256543128	10	"GFP"	7.74529192883694	83.5	3.7625	0.80490565164	3.7625
"416"	0.0651256543128	10	"GFP_x4"	7.74529192883694	334	3.7625	0.80490565164	3.7625
"417"	0.0651256543128	10	"mCh"	10.9710811489875	250.4	3.7625	0.80490565164	3.7625
"418"	0.0651256543128	11	"GFP"	7.54183257925349	82.1	4.18055555555556	0.80490565164	4.18055555555556
"419"	0.0651256543128	11	"GFP_x4"	7.54183257925349	328.4	4.18055555555556	0.80490565164	4.18055555555556
"420"	0.0651256543128	11	"mCh"	11.152642944146	269.8	4.18055555555556	0.80490565164	4.18055555555556
"421"	0.0651256543128	12	"GFP"	7.60229092251091	90.7	4.59861111111111	0.80490565164	4.59861111111111
"422"	0.0651256543128	12	"GFP_x4"	7.60229092251091	362.8	4.59861111111111	0.80490565164	4.59861111111111
"423"	0.0651256543128	12	"mCh"	10.7941995483588	296.4	4.59861111111111	0.80490565164	4.59861111111111
"424"	0.0651256543128	13	"GFP"	7.35797760289923	80.4	5.01666666666667	0.80490565164	5.01666666666667
"425"	0.0651256543128	13	"GFP_x4"	7.35797760289923	321.6	5.01666666666667	0.80490565164	5.01666666666667
"426"	0.0651256543128	13	"mCh"	10.5696582168995	299.1	5.01666666666667	0.80490565164	5.01666666666667
"427"	0.0651256543128	14	"GFP"	7.22523852239576	66.2	5.43472222222222	0.80490565164	5.43472222222222
"428"	0.0651256543128	14	"GFP_x4"	7.22523852239576	264.8	5.43472222222222	0.80490565164	5.43472222222222
"429"	0.0651256543128	14	"mCh"	10.7556977164241	224.4	5.43472222222222	0.80490565164	5.43472222222222
"430"	0.0651256543128	15	"GFP"	6.90538355443839	50.8	5.85277777777778	0.80490565164	5.85277777777778
"431"	0.0651256543128	15	"GFP_x4"	6.90538355443839	203.2	5.85277777777778	0.80490565164	5.85277777777778
"432"	0.0651256543128	15	"mCh"	10.7507925302331	169.5	5.85277777777778	0.80490565164	5.85277777777778
"433"	0.0651256543128	16	"GFP"	7.38655792738551	40.1	6.27083333333333	0.80490565164	6.27083333333333
"434"	0.0651256543128	16	"GFP_x4"	7.38655792738551	160.4	6.27083333333333	0.80490565164	6.27083333333333
"435"	0.0651256543128	16	"mCh"	11.0390402831018	138.8	6.27083333333333	0.80490565164	6.27083333333333
"436"	0.0651256543128	17	"GFP"	6.7739570153004	34	6.68888888888889	0.80490565164	6.68888888888889
"437"	0.0651256543128	17	"GFP_x4"	6.7739570153004	136	6.68888888888889	0.80490565164	6.68888888888889
"438"	0.0651256543128	17	"mCh"	10.923061871988	122.5	6.68888888888889	0.80490565164	6.68888888888889
"439"	0.0651256543128	18	"GFP"	7.51248749268518	32.1	7.10694444444444	0.80490565164	7.10694444444444
"440"	0.0651256543128	18	"GFP_x4"	7.51248749268518	128.4	7.10694444444444	0.80490565164	7.10694444444444
"441"	0.0651256543128	18	"mCh"	10.5257888671296	115.8	7.10694444444444	0.80490565164	7.10694444444444
"442"	0.0651256543128	19	"GFP"	7.23449745008569	30.2	7.525	0.80490565164	7.525
"443"	0.0651256543128	19	"GFP_x4"	7.23449745008569	120.8	7.525	0.80490565164	7.525
"444"	0.0651256543128	19	"mCh"	10.1734174928511	134.2	7.525	0.80490565164	7.525
"445"	0.0651256543128	20	"GFP"	6.75092669864011	29.9	7.94305555555555	0.80490565164	7.94305555555555
"446"	0.0651256543128	20	"GFP_x4"	6.75092669864011	119.6	7.94305555555555	0.80490565164	7.94305555555555
"447"	0.0651256543128	20	"mCh"	10.8074122965095	148.3	7.94305555555555	0.80490565164	7.94305555555555
"448"	0.0651256543128	21	"GFP"	NA	30.6	8.36111111111111	0.80490565164	8.36111111111111
"449"	0.0651256543128	21	"GFP_x4"	NA	122.4	8.36111111111111	0.80490565164	8.36111111111111
"450"	0.0651256543128	21	"mCh"	10.1507992628452	194.5	8.36111111111111	0.80490565164	8.36111111111111
"451"	0.0651256543128	22	"GFP"	5.83462370483431	44.6	8.77916666666667	0.80490565164	8.77916666666667
"452"	0.0651256543128	22	"GFP_x4"	5.83462370483431	178.4	8.77916666666667	0.80490565164	8.77916666666667
"453"	0.0651256543128	22	"mCh"	9.35113844968706	229.8	8.77916666666667	0.80490565164	8.77916666666667
"454"	0.0651256543128	23	"GFP"	6.86856541311748	39	9.19722222222222	0.80490565164	9.19722222222222
"455"	0.0651256543128	23	"GFP_x4"	6.86856541311748	156	9.19722222222222	0.80490565164	9.19722222222222
"456"	0.0651256543128	23	"mCh"	10.3096208161569	261.3	9.19722222222222	0.80490565164	9.19722222222222
"457"	0.0651256543128	24	"GFP"	6.78468600047401	41.7	9.61527777777778	0.80490565164	9.61527777777778
"458"	0.0651256543128	24	"GFP_x4"	6.78468600047401	166.8	9.61527777777778	0.80490565164	9.61527777777778
"459"	0.0651256543128	24	"mCh"	10.010668711991	323.8	9.61527777777778	0.80490565164	9.61527777777778
"460"	0.0651256543128	25	"GFP"	6.8174319989104	36.3	10.0333333333333	0.80490565164	10.0333333333333
"461"	0.0651256543128	25	"GFP_x4"	6.8174319989104	145.2	10.0333333333333	0.80490565164	10.0333333333333
"462"	0.0651256543128	25	"mCh"	9.93807663794104	327.5	10.0333333333333	0.80490565164	10.0333333333333
"463"	0.0651256543128	26	"GFP"	6.6213210918875	25.9	10.4513888888889	0.80490565164	10.4513888888889
"464"	0.0651256543128	26	"GFP_x4"	6.6213210918875	103.6	10.4513888888889	0.80490565164	10.4513888888889
"465"	0.0651256543128	26	"mCh"	9.52601348908713	269.1	10.4513888888889	0.80490565164	10.4513888888889
"466"	0.0651256543128	27	"GFP"	NA	13.5	10.8694444444444	0.80490565164	10.8694444444444
"467"	0.0651256543128	27	"GFP_x4"	NA	54	10.8694444444444	0.80490565164	10.8694444444444
"468"	0.0651256543128	27	"mCh"	8.33157605334158	201.8	10.8694444444444	0.80490565164	10.8694444444444
"469"	0.0651256543128	28	"GFP"	NA	14.6	11.2875	0.80490565164	11.2875
"470"	0.0651256543128	28	"GFP_x4"	NA	58.4	11.2875	0.80490565164	11.2875
"471"	0.0651256543128	28	"mCh"	8.34126447198068	210.7	11.2875	0.80490565164	11.2875
"472"	0.0651256543128	29	"GFP"	6.4602501175909	22.1	11.7055555555556	0.80490565164	11.7055555555556
"473"	0.0651256543128	29	"GFP_x4"	6.4602501175909	88.4	11.7055555555556	0.80490565164	11.7055555555556
"474"	0.0651256543128	29	"mCh"	8.69612172382402	293	11.7055555555556	0.80490565164	11.7055555555556
"475"	0.0651256543128	30	"GFP"	6.31891460268318	26.5	12.1236111111111	0.80490565164	12.1236111111111
"476"	0.0651256543128	30	"GFP_x4"	6.31891460268318	106	12.1236111111111	0.80490565164	12.1236111111111
"477"	0.0651256543128	30	"mCh"	9.06814102172904	382.8	12.1236111111111	0.80490565164	12.1236111111111
"478"	0.0651256543128	31	"GFP"	6.60573279998632	30.9	12.5416666666667	0.80490565164	12.5416666666667
"479"	0.0651256543128	31	"GFP_x4"	6.60573279998632	123.6	12.5416666666667	0.80490565164	12.5416666666667
"480"	0.0651256543128	31	"mCh"	8.91380754293532	389.7	12.5416666666667	0.80490565164	12.5416666666667
"646"	0.0718974798144	1	"GFP"	8.14732011168723	103.9	0	1.4820882018	0
"647"	0.0718974798144	1	"GFP_x4"	8.14732011168723	415.6	0	1.4820882018	0
"648"	0.0718974798144	1	"mCh"	11.6555870968137	127	0	1.4820882018	0
"649"	0.0718974798144	2	"GFP"	8.64043304503423	114.9	0.418055555555556	1.4820882018	0.418055555555556
"650"	0.0718974798144	2	"GFP_x4"	8.64043304503423	459.6	0.418055555555556	1.4820882018	0.418055555555556
"651"	0.0718974798144	2	"mCh"	11.4306952324946	147.6	0.418055555555556	1.4820882018	0.418055555555556
"652"	0.0718974798144	3	"GFP"	8.67108947028883	104.8	0.836111111111111	1.4820882018	0.836111111111111
"653"	0.0718974798144	3	"GFP_x4"	8.67108947028883	419.2	0.836111111111111	1.4820882018	0.836111111111111
"654"	0.0718974798144	3	"mCh"	11.5350037688147	153.5	0.836111111111111	1.4820882018	0.836111111111111
"655"	0.0718974798144	4	"GFP"	8.74510982920223	94.7	1.25416666666667	1.4820882018	1.25416666666667
"656"	0.0718974798144	4	"GFP_x4"	8.74510982920223	378.8	1.25416666666667	1.4820882018	1.25416666666667
"657"	0.0718974798144	4	"mCh"	11.3926007112355	160.2	1.25416666666667	1.4820882018	1.25416666666667
"658"	0.0718974798144	5	"GFP"	8.57397047887444	99.2	1.67222222222222	1.4820882018	1.67222222222222
"659"	0.0718974798144	5	"GFP_x4"	8.57397047887444	396.8	1.67222222222222	1.4820882018	1.67222222222222
"660"	0.0718974798144	5	"mCh"	11.9362929112648	181.7	1.67222222222222	1.4820882018	1.67222222222222
"661"	0.0718974798144	6	"GFP"	8.61629525075592	86.2	2.09027777777778	1.4820882018	2.09027777777778
"662"	0.0718974798144	6	"GFP_x4"	8.61629525075592	344.8	2.09027777777778	1.4820882018	2.09027777777778
"663"	0.0718974798144	6	"mCh"	11.7102352774187	186.9	2.09027777777778	1.4820882018	2.09027777777778
"664"	0.0718974798144	7	"GFP"	8.33596473490534	99.8	2.50833333333333	1.4820882018	2.50833333333333
"665"	0.0718974798144	7	"GFP_x4"	8.33596473490534	399.2	2.50833333333333	1.4820882018	2.50833333333333
"666"	0.0718974798144	7	"mCh"	11.5161207986592	228	2.50833333333333	1.4820882018	2.50833333333333
"667"	0.0718974798144	8	"GFP"	7.77636798423442	96.4	2.92638888888889	1.4820882018	2.92638888888889
"668"	0.0718974798144	8	"GFP_x4"	7.77636798423442	385.6	2.92638888888889	1.4820882018	2.92638888888889
"669"	0.0718974798144	8	"mCh"	11.252250153733	274.1	2.92638888888889	1.4820882018	2.92638888888889
"670"	0.0718974798144	9	"GFP"	7.36682069552034	87.2	3.34444444444444	1.4820882018	3.34444444444444
"671"	0.0718974798144	9	"GFP_x4"	7.36682069552034	348.8	3.34444444444444	1.4820882018	3.34444444444444
"672"	0.0718974798144	9	"mCh"	10.9759983848381	291.4	3.34444444444444	1.4820882018	3.34444444444444
"673"	0.0718974798144	10	"GFP"	7.7411327939533	102.8	3.7625	1.4820882018	3.7625
"674"	0.0718974798144	10	"GFP_x4"	7.7411327939533	411.2	3.7625	1.4820882018	3.7625
"675"	0.0718974798144	10	"mCh"	11.3014371616049	318.7	3.7625	1.4820882018	3.7625
"676"	0.0718974798144	11	"GFP"	7.90963874754036	107.7	4.18055555555556	1.4820882018	4.18055555555556
"677"	0.0718974798144	11	"GFP_x4"	7.90963874754036	430.8	4.18055555555556	1.4820882018	4.18055555555556
"678"	0.0718974798144	11	"mCh"	11.0963861741546	355.8	4.18055555555556	1.4820882018	4.18055555555556
"679"	0.0718974798144	12	"GFP"	7.75180318910275	125.7	4.59861111111111	1.4820882018	4.59861111111111
"680"	0.0718974798144	12	"GFP_x4"	7.75180318910275	502.8	4.59861111111111	1.4820882018	4.59861111111111
"681"	0.0718974798144	12	"mCh"	11.187906152825	394.6	4.59861111111111	1.4820882018	4.59861111111111
"682"	0.0718974798144	13	"GFP"	7.37473969471527	102.7	5.01666666666667	1.4820882018	5.01666666666667
"683"	0.0718974798144	13	"GFP_x4"	7.37473969471527	410.8	5.01666666666667	1.4820882018	5.01666666666667
"684"	0.0718974798144	13	"mCh"	11.0814981016296	398.4	5.01666666666667	1.4820882018	5.01666666666667
"685"	0.0718974798144	14	"GFP"	7.37349544291978	82.3	5.43472222222222	1.4820882018	5.43472222222222
"686"	0.0718974798144	14	"GFP_x4"	7.37349544291978	329.2	5.43472222222222	1.4820882018	5.43472222222222
"687"	0.0718974798144	14	"mCh"	10.9395411977807	287.8	5.43472222222222	1.4820882018	5.43472222222222
"688"	0.0718974798144	15	"GFP"	6.8859255933521	63.4	5.85277777777778	1.4820882018	5.85277777777778
"689"	0.0718974798144	15	"GFP_x4"	6.8859255933521	253.6	5.85277777777778	1.4820882018	5.85277777777778
"690"	0.0718974798144	15	"mCh"	10.7240355728782	246.8	5.85277777777778	1.4820882018	5.85277777777778
"691"	0.0718974798144	16	"GFP"	6.49414974763233	48.8	6.27083333333333	1.4820882018	6.27083333333333
"692"	0.0718974798144	16	"GFP_x4"	6.49414974763233	195.2	6.27083333333333	1.4820882018	6.27083333333333
"693"	0.0718974798144	16	"mCh"	10.3193787407623	213.8	6.27083333333333	1.4820882018	6.27083333333333
"694"	0.0718974798144	17	"GFP"	6.85260063443283	41.7	6.68888888888889	1.4820882018	6.68888888888889
"695"	0.0718974798144	17	"GFP_x4"	6.85260063443283	166.8	6.68888888888889	1.4820882018	6.68888888888889
"696"	0.0718974798144	17	"mCh"	9.21012077774565	219.8	6.68888888888889	1.4820882018	6.68888888888889
"697"	0.0718974798144	18	"GFP"	6.44749438656342	38.3	7.10694444444444	1.4820882018	7.10694444444444
"698"	0.0718974798144	18	"GFP_x4"	6.44749438656342	153.2	7.10694444444444	1.4820882018	7.10694444444444
"699"	0.0718974798144	18	"mCh"	8.95106989336862	240.9	7.10694444444444	1.4820882018	7.10694444444444
"700"	0.0718974798144	19	"GFP"	6.36152315808257	51.3	7.525	1.4820882018	7.525
"701"	0.0718974798144	19	"GFP_x4"	6.36152315808257	205.2	7.525	1.4820882018	7.525
"702"	0.0718974798144	19	"mCh"	9.63469909658339	280.5	7.525	1.4820882018	7.525
"703"	0.0718974798144	20	"GFP"	7.1006551244802	56.5	7.94305555555555	1.4820882018	7.94305555555555
"704"	0.0718974798144	20	"GFP_x4"	7.1006551244802	226	7.94305555555555	1.4820882018	7.94305555555555
"705"	0.0718974798144	20	"mCh"	9.98327860556682	364.5	7.94305555555555	1.4820882018	7.94305555555555
"706"	0.0718974798144	21	"GFP"	6.92123979587869	59.6	8.36111111111111	1.4820882018	8.36111111111111
"707"	0.0718974798144	21	"GFP_x4"	6.92123979587869	238.4	8.36111111111111	1.4820882018	8.36111111111111
"708"	0.0718974798144	21	"mCh"	9.54111961924953	444.3	8.36111111111111	1.4820882018	8.36111111111111
"709"	0.0718974798144	22	"GFP"	6.67814482804129	34.9	8.77916666666667	1.4820882018	8.77916666666667
"710"	0.0718974798144	22	"GFP_x4"	6.67814482804129	139.6	8.77916666666667	1.4820882018	8.77916666666667
"711"	0.0718974798144	22	"mCh"	9.63908212403688	340.4	8.77916666666667	1.4820882018	8.77916666666667
"712"	0.0718974798144	23	"GFP"	7.05405996840153	36	9.19722222222222	1.4820882018	9.19722222222222
"713"	0.0718974798144	23	"GFP_x4"	7.05405996840153	144	9.19722222222222	1.4820882018	9.19722222222222
"714"	0.0718974798144	23	"mCh"	9.74178926294533	356.9	9.19722222222222	1.4820882018	9.19722222222222
"715"	0.0718974798144	24	"GFP"	6.65733894729525	39.5	9.61527777777778	1.4820882018	9.61527777777778
"716"	0.0718974798144	24	"GFP_x4"	6.65733894729525	158	9.61527777777778	1.4820882018	9.61527777777778
"717"	0.0718974798144	24	"mCh"	9.70241405650889	423.6	9.61527777777778	1.4820882018	9.61527777777778
"718"	0.0718974798144	25	"GFP"	6.85369862522339	42.6	10.0333333333333	1.4820882018	10.0333333333333
"719"	0.0718974798144	25	"GFP_x4"	6.85369862522339	170.4	10.0333333333333	1.4820882018	10.0333333333333
"720"	0.0718974798144	25	"mCh"	10.0655162904089	473.5	10.0333333333333	1.4820882018	10.0333333333333
"721"	0.0718974798144	26	"GFP"	6.83739278912177	42.5	10.4513888888889	1.4820882018	10.4513888888889
"722"	0.0718974798144	26	"GFP_x4"	6.83739278912177	170	10.4513888888889	1.4820882018	10.4513888888889
"723"	0.0718974798144	26	"mCh"	10.2758877743012	519.9	10.4513888888889	1.4820882018	10.4513888888889
"724"	0.0718974798144	27	"GFP"	6.6055492898914	42.9	10.8694444444444	1.4820882018	10.8694444444444
"725"	0.0718974798144	27	"GFP_x4"	6.6055492898914	171.6	10.8694444444444	1.4820882018	10.8694444444444
"726"	0.0718974798144	27	"mCh"	10.2995147777059	538.8	10.8694444444444	1.4820882018	10.8694444444444
"727"	0.0718974798144	28	"GFP"	7.04166233430825	44.4	11.2875	1.4820882018	11.2875
"728"	0.0718974798144	28	"GFP_x4"	7.04166233430825	177.6	11.2875	1.4820882018	11.2875
"729"	0.0718974798144	28	"mCh"	10.297718865088	567.1	11.2875	1.4820882018	11.2875
"730"	0.0718974798144	29	"GFP"	6.70420095654578	40.5	11.7055555555556	1.4820882018	11.7055555555556
"731"	0.0718974798144	29	"GFP_x4"	6.70420095654578	162	11.7055555555556	1.4820882018	11.7055555555556
"732"	0.0718974798144	29	"mCh"	10.1210728010791	581.5	11.7055555555556	1.4820882018	11.7055555555556
"733"	0.0718974798144	30	"GFP"	6.54479028025014	37.8	12.1236111111111	1.4820882018	12.1236111111111
"734"	0.0718974798144	30	"GFP_x4"	6.54479028025014	151.2	12.1236111111111	1.4820882018	12.1236111111111
"735"	0.0718974798144	30	"mCh"	10.2798949063215	575.8	12.1236111111111	1.4820882018	12.1236111111111
"736"	0.0718974798144	31	"GFP"	6.48194652115229	37.9	12.5416666666667	1.4820882018	12.5416666666667
"737"	0.0718974798144	31	"GFP_x4"	6.48194652115229	151.6	12.5416666666667	1.4820882018	12.5416666666667
"738"	0.0718974798144	31	"mCh"	10.1494385085162	567.3	12.5416666666667	1.4820882018	12.5416666666667
"904"	0.0784424078448	1	"GFP"	8.55474266036822	111.6	0	2.13658100484	0
"905"	0.0784424078448	1	"GFP_x4"	8.55474266036822	446.4	0	2.13658100484	0
"906"	0.0784424078448	1	"mCh"	11.8039577792565	122.5	0	2.13658100484	0
"907"	0.0784424078448	2	"GFP"	8.93207675901327	102.4	0.418055555555556	2.13658100484	0.418055555555556
"908"	0.0784424078448	2	"GFP_x4"	8.93207675901327	409.6	0.418055555555556	2.13658100484	0.418055555555556
"909"	0.0784424078448	2	"mCh"	11.594336467614	129.5	0.418055555555556	2.13658100484	0.418055555555556
"910"	0.0784424078448	3	"GFP"	8.72822083690833	124.6	0.836111111111111	2.13658100484	0.836111111111111
"911"	0.0784424078448	3	"GFP_x4"	8.72822083690833	498.4	0.836111111111111	2.13658100484	0.836111111111111
"912"	0.0784424078448	3	"mCh"	11.6276110026676	169.8	0.836111111111111	2.13658100484	0.836111111111111
"913"	0.0784424078448	4	"GFP"	9.133493408008	123.4	1.25416666666667	2.13658100484	1.25416666666667
"914"	0.0784424078448	4	"GFP_x4"	9.133493408008	493.6	1.25416666666667	2.13658100484	1.25416666666667
"915"	0.0784424078448	4	"mCh"	11.5078455867369	189.6	1.25416666666667	2.13658100484	1.25416666666667
"916"	0.0784424078448	5	"GFP"	9.04358314648742	131.6	1.67222222222222	2.13658100484	1.67222222222222
"917"	0.0784424078448	5	"GFP_x4"	9.04358314648742	526.4	1.67222222222222	2.13658100484	1.67222222222222
"918"	0.0784424078448	5	"mCh"	11.8947942529693	219.3	1.67222222222222	2.13658100484	1.67222222222222
"919"	0.0784424078448	6	"GFP"	8.76170884078746	137.4	2.09027777777778	2.13658100484	2.09027777777778
"920"	0.0784424078448	6	"GFP_x4"	8.76170884078746	549.6	2.09027777777778	2.13658100484	2.09027777777778
"921"	0.0784424078448	6	"mCh"	11.8783432700943	248.9	2.09027777777778	2.13658100484	2.09027777777778
"922"	0.0784424078448	7	"GFP"	8.43240404283604	122.8	2.50833333333333	2.13658100484	2.50833333333333
"923"	0.0784424078448	7	"GFP_x4"	8.43240404283604	491.2	2.50833333333333	2.13658100484	2.50833333333333
"924"	0.0784424078448	7	"mCh"	11.5067026526373	274.1	2.50833333333333	2.13658100484	2.50833333333333
"925"	0.0784424078448	8	"GFP"	8.39368691367956	139.3	2.92638888888889	2.13658100484	2.92638888888889
"926"	0.0784424078448	8	"GFP_x4"	8.39368691367956	557.2	2.92638888888889	2.13658100484	2.92638888888889
"927"	0.0784424078448	8	"mCh"	11.5343201191722	323.5	2.92638888888889	2.13658100484	2.92638888888889
"928"	0.0784424078448	9	"GFP"	8.07737201162941	135.3	3.34444444444444	2.13658100484	3.34444444444444
"929"	0.0784424078448	9	"GFP_x4"	8.07737201162941	541.2	3.34444444444444	2.13658100484	3.34444444444444
"930"	0.0784424078448	9	"mCh"	11.1951169742719	372.3	3.34444444444444	2.13658100484	3.34444444444444
"931"	0.0784424078448	10	"GFP"	8.14116347904105	154	3.7625	2.13658100484	3.7625
"932"	0.0784424078448	10	"GFP_x4"	8.14116347904105	616	3.7625	2.13658100484	3.7625
"933"	0.0784424078448	10	"mCh"	11.2119289352534	421.9	3.7625	2.13658100484	3.7625
"934"	0.0784424078448	11	"GFP"	7.97607120000892	138.3	4.18055555555556	2.13658100484	4.18055555555556
"935"	0.0784424078448	11	"GFP_x4"	7.97607120000892	553.2	4.18055555555556	2.13658100484	4.18055555555556
"936"	0.0784424078448	11	"mCh"	10.7500269273726	464.3	4.18055555555556	2.13658100484	4.18055555555556
"937"	0.0784424078448	12	"GFP"	7.41830652139543	138.5	4.59861111111111	2.13658100484	4.59861111111111
"938"	0.0784424078448	12	"GFP_x4"	7.41830652139543	554	4.59861111111111	2.13658100484	4.59861111111111
"939"	0.0784424078448	12	"mCh"	10.2222206645764	521.8	4.59861111111111	2.13658100484	4.59861111111111
"940"	0.0784424078448	13	"GFP"	7.27587076638283	107.3	5.01666666666667	2.13658100484	5.01666666666667
"941"	0.0784424078448	13	"GFP_x4"	7.27587076638283	429.2	5.01666666666667	2.13658100484	5.01666666666667
"942"	0.0784424078448	13	"mCh"	9.65259161688081	533.3	5.01666666666667	2.13658100484	5.01666666666667
"943"	0.0784424078448	14	"GFP"	7.57568088002957	100.7	5.43472222222222	2.13658100484	5.43472222222222
"944"	0.0784424078448	14	"GFP_x4"	7.57568088002957	402.8	5.43472222222222	2.13658100484	5.43472222222222
"945"	0.0784424078448	14	"mCh"	10.6725000766546	369	5.43472222222222	2.13658100484	5.43472222222222
"946"	0.0784424078448	15	"GFP"	7.42261191374502	101.4	5.85277777777778	2.13658100484	5.85277777777778
"947"	0.0784424078448	15	"GFP_x4"	7.42261191374502	405.6	5.85277777777778	2.13658100484	5.85277777777778
"948"	0.0784424078448	15	"mCh"	10.3106148245318	434.4	5.85277777777778	2.13658100484	5.85277777777778
"949"	0.0784424078448	16	"GFP"	7.68967786187754	98.5	6.27083333333333	2.13658100484	6.27083333333333
"950"	0.0784424078448	16	"GFP_x4"	7.68967786187754	394	6.27083333333333	2.13658100484	6.27083333333333
"951"	0.0784424078448	16	"mCh"	10.5235542692456	434.7	6.27083333333333	2.13658100484	6.27083333333333
"952"	0.0784424078448	17	"GFP"	7.66126748082774	85.2	6.68888888888889	2.13658100484	6.68888888888889
"953"	0.0784424078448	17	"GFP_x4"	7.66126748082774	340.8	6.68888888888889	2.13658100484	6.68888888888889
"954"	0.0784424078448	17	"mCh"	10.6226011529199	408.9	6.68888888888889	2.13658100484	6.68888888888889
"955"	0.0784424078448	18	"GFP"	7.50692670526926	82.2	7.10694444444444	2.13658100484	7.10694444444444
"956"	0.0784424078448	18	"GFP_x4"	7.50692670526926	328.8	7.10694444444444	2.13658100484	7.10694444444444
"957"	0.0784424078448	18	"mCh"	10.5596435637011	398.2	7.10694444444444	2.13658100484	7.10694444444444
"958"	0.0784424078448	19	"GFP"	7.75289933089627	83.4	7.525	2.13658100484	7.525
"959"	0.0784424078448	19	"GFP_x4"	7.75289933089627	333.6	7.525	2.13658100484	7.525
"960"	0.0784424078448	19	"mCh"	10.0526255593781	442.5	7.525	2.13658100484	7.525
"961"	0.0784424078448	20	"GFP"	7.53213491508569	80.8	7.94305555555555	2.13658100484	7.94305555555555
"962"	0.0784424078448	20	"GFP_x4"	7.53213491508569	323.2	7.94305555555555	2.13658100484	7.94305555555555
"963"	0.0784424078448	20	"mCh"	10.18540788205	494	7.94305555555555	2.13658100484	7.94305555555555
"964"	0.0784424078448	21	"GFP"	7.2421763557259	78.9	8.36111111111111	2.13658100484	8.36111111111111
"965"	0.0784424078448	21	"GFP_x4"	7.2421763557259	315.6	8.36111111111111	2.13658100484	8.36111111111111
"966"	0.0784424078448	21	"mCh"	10.1168095329565	587.2	8.36111111111111	2.13658100484	8.36111111111111
"967"	0.0784424078448	22	"GFP"	7.13238294008713	68.6	8.77916666666667	2.13658100484	8.77916666666667
"968"	0.0784424078448	22	"GFP_x4"	7.13238294008713	274.4	8.77916666666667	2.13658100484	8.77916666666667
"969"	0.0784424078448	22	"mCh"	10.1788962476428	611.4	8.77916666666667	2.13658100484	8.77916666666667
"970"	0.0784424078448	23	"GFP"	7.22276625401258	75.3	9.19722222222222	2.13658100484	9.19722222222222
"971"	0.0784424078448	23	"GFP_x4"	7.22276625401258	301.2	9.19722222222222	2.13658100484	9.19722222222222
"972"	0.0784424078448	23	"mCh"	10.1709301433887	664	9.19722222222222	2.13658100484	9.19722222222222
"973"	0.0784424078448	24	"GFP"	6.94649044724984	64.9	9.61527777777778	2.13658100484	9.61527777777778
"974"	0.0784424078448	24	"GFP_x4"	6.94649044724984	259.6	9.61527777777778	2.13658100484	9.61527777777778
"975"	0.0784424078448	24	"mCh"	10.055361729209	682.3	9.61527777777778	2.13658100484	9.61527777777778
"976"	0.0784424078448	25	"GFP"	6.74500798993276	61.7	10.0333333333333	2.13658100484	10.0333333333333
"977"	0.0784424078448	25	"GFP_x4"	6.74500798993276	246.8	10.0333333333333	2.13658100484	10.0333333333333
"978"	0.0784424078448	25	"mCh"	10.3302042957263	676	10.0333333333333	2.13658100484	10.0333333333333
"979"	0.0784424078448	26	"GFP"	7.0055307452879	60.1	10.4513888888889	2.13658100484	10.4513888888889
"980"	0.0784424078448	26	"GFP_x4"	7.0055307452879	240.4	10.4513888888889	2.13658100484	10.4513888888889
"981"	0.0784424078448	26	"mCh"	10.5022056309224	716.9	10.4513888888889	2.13658100484	10.4513888888889
"982"	0.0784424078448	27	"GFP"	7.23460261637187	54.8	10.8694444444444	2.13658100484	10.8694444444444
"983"	0.0784424078448	27	"GFP_x4"	7.23460261637187	219.2	10.8694444444444	2.13658100484	10.8694444444444
"984"	0.0784424078448	27	"mCh"	10.2814930388474	692.7	10.8694444444444	2.13658100484	10.8694444444444
"985"	0.0784424078448	28	"GFP"	7.01165971000551	58.7	11.2875	2.13658100484	11.2875
"986"	0.0784424078448	28	"GFP_x4"	7.01165971000551	234.8	11.2875	2.13658100484	11.2875
"987"	0.0784424078448	28	"mCh"	10.4103303361463	735.3	11.2875	2.13658100484	11.2875
"988"	0.0784424078448	29	"GFP"	6.8379496016536	64.2	11.7055555555556	2.13658100484	11.7055555555556
"989"	0.0784424078448	29	"GFP_x4"	6.8379496016536	256.8	11.7055555555556	2.13658100484	11.7055555555556
"990"	0.0784424078448	29	"mCh"	10.3826522278531	805.7	11.7055555555556	2.13658100484	11.7055555555556
"991"	0.0784424078448	30	"GFP"	6.75003827710844	65.4	12.1236111111111	2.13658100484	12.1236111111111
"992"	0.0784424078448	30	"GFP_x4"	6.75003827710844	261.6	12.1236111111111	2.13658100484	12.1236111111111
"993"	0.0784424078448	30	"mCh"	10.4315646131617	788.1	12.1236111111111	2.13658100484	12.1236111111111
"994"	0.0784424078448	31	"GFP"	6.67365174658927	59.5	12.5416666666667	2.13658100484	12.5416666666667
"995"	0.0784424078448	31	"GFP_x4"	6.67365174658927	238	12.5416666666667	2.13658100484	12.5416666666667
"996"	0.0784424078448	31	"mCh"	10.3421850354139	815	12.5416666666667	2.13658100484	12.5416666666667
"1162"	0.086013763656	1	"GFP"	7.72046597034108	93.1	0	2.89371658596	0
"1163"	0.086013763656	1	"GFP_x4"	7.72046597034108	372.4	0	2.89371658596	0
"1164"	0.086013763656	1	"mCh"	11.2973599744339	117.3	0	2.89371658596	0
"1165"	0.086013763656	2	"GFP"	8.08480986383423	88.7	0.418055555555556	2.89371658596	0.418055555555556
"1166"	0.086013763656	2	"GFP_x4"	8.08480986383423	354.8	0.418055555555556	2.89371658596	0.418055555555556
"1167"	0.086013763656	2	"mCh"	11.0981921798626	129.3	0.418055555555556	2.89371658596	0.418055555555556
"1168"	0.086013763656	3	"GFP"	8.2155854601893	100.8	0.836111111111111	2.89371658596	0.836111111111111
"1169"	0.086013763656	3	"GFP_x4"	8.2155854601893	403.2	0.836111111111111	2.89371658596	0.836111111111111
"1170"	0.086013763656	3	"mCh"	11.2148952111521	156.8	0.836111111111111	2.89371658596	0.836111111111111
"1171"	0.086013763656	4	"GFP"	8.13796278163266	105.2	1.25416666666667	2.89371658596	1.25416666666667
"1172"	0.086013763656	4	"GFP_x4"	8.13796278163266	420.8	1.25416666666667	2.89371658596	1.25416666666667
"1173"	0.086013763656	4	"mCh"	10.921357379154	205.6	1.25416666666667	2.89371658596	1.25416666666667
"1174"	0.086013763656	5	"GFP"	8.0057683461161	113.8	1.67222222222222	2.89371658596	1.67222222222222
"1175"	0.086013763656	5	"GFP_x4"	8.0057683461161	455.2	1.67222222222222	2.89371658596	1.67222222222222
"1176"	0.086013763656	5	"mCh"	11.4423923071213	221.1	1.67222222222222	2.89371658596	1.67222222222222
"1177"	0.086013763656	6	"GFP"	8.01658734153525	120.8	2.09027777777778	2.89371658596	2.09027777777778
"1178"	0.086013763656	6	"GFP_x4"	8.01658734153525	483.2	2.09027777777778	2.89371658596	2.09027777777778
"1179"	0.086013763656	6	"mCh"	11.1119708928388	268.5	2.09027777777778	2.89371658596	2.09027777777778
"1180"	0.086013763656	7	"GFP"	7.9653552809892	128.7	2.50833333333333	2.89371658596	2.50833333333333
"1181"	0.086013763656	7	"GFP_x4"	7.9653552809892	514.8	2.50833333333333	2.89371658596	2.50833333333333
"1182"	0.086013763656	7	"mCh"	11.1777578249376	310.5	2.50833333333333	2.89371658596	2.50833333333333
"1183"	0.086013763656	8	"GFP"	7.61634108262449	139	2.92638888888889	2.89371658596	2.92638888888889
"1184"	0.086013763656	8	"GFP_x4"	7.61634108262449	556	2.92638888888889	2.89371658596	2.92638888888889
"1185"	0.086013763656	8	"mCh"	10.5609548056311	363.8	2.92638888888889	2.89371658596	2.92638888888889
"1186"	0.086013763656	9	"GFP"	7.60728346652741	147.4	3.34444444444444	2.89371658596	3.34444444444444
"1187"	0.086013763656	9	"GFP_x4"	7.60728346652741	589.6	3.34444444444444	2.89371658596	3.34444444444444
"1188"	0.086013763656	9	"mCh"	10.5073423962908	433.8	3.34444444444444	2.89371658596	3.34444444444444
"1189"	0.086013763656	10	"GFP"	7.44532242808229	151.4	3.7625	2.89371658596	3.7625
"1190"	0.086013763656	10	"GFP_x4"	7.44532242808229	605.6	3.7625	2.89371658596	3.7625
"1191"	0.086013763656	10	"mCh"	10.4537230078729	490.9	3.7625	2.89371658596	3.7625
"1192"	0.086013763656	11	"GFP"	7.28354396008135	163.3	4.18055555555556	2.89371658596	4.18055555555556
"1193"	0.086013763656	11	"GFP_x4"	7.28354396008135	653.2	4.18055555555556	2.89371658596	4.18055555555556
"1194"	0.086013763656	11	"mCh"	9.93092134525538	564.7	4.18055555555556	2.89371658596	4.18055555555556
"1195"	0.086013763656	12	"GFP"	7.28841113657429	160.2	4.59861111111111	2.89371658596	4.59861111111111
"1196"	0.086013763656	12	"GFP_x4"	7.28841113657429	640.8	4.59861111111111	2.89371658596	4.59861111111111
"1197"	0.086013763656	12	"mCh"	9.85036529928087	613.9	4.59861111111111	2.89371658596	4.59861111111111
"1198"	0.086013763656	13	"GFP"	6.98960691170482	161.8	5.01666666666667	2.89371658596	5.01666666666667
"1199"	0.086013763656	13	"GFP_x4"	6.98960691170482	647.2	5.01666666666667	2.89371658596	5.01666666666667
"1200"	0.086013763656	13	"mCh"	9.56301261199587	671.2	5.01666666666667	2.89371658596	5.01666666666667
"1201"	0.086013763656	14	"GFP"	7.18970959102811	132.5	5.43472222222222	2.89371658596	5.43472222222222
"1202"	0.086013763656	14	"GFP_x4"	7.18970959102811	530	5.43472222222222	2.89371658596	5.43472222222222
"1203"	0.086013763656	14	"mCh"	9.64860476056345	585.5	5.43472222222222	2.89371658596	5.43472222222222
"1204"	0.086013763656	15	"GFP"	7.24069442501814	113	5.85277777777778	2.89371658596	5.85277777777778
"1205"	0.086013763656	15	"GFP_x4"	7.24069442501814	452	5.85277777777778	2.89371658596	5.85277777777778
"1206"	0.086013763656	15	"mCh"	9.48485161014534	513.5	5.85277777777778	2.89371658596	5.85277777777778
"1207"	0.086013763656	16	"GFP"	7.0134102251258	119.1	6.27083333333333	2.89371658596	6.27083333333333
"1208"	0.086013763656	16	"GFP_x4"	7.0134102251258	476.4	6.27083333333333	2.89371658596	6.27083333333333
"1209"	0.086013763656	16	"mCh"	9.36269599025449	603.6	6.27083333333333	2.89371658596	6.27083333333333
"1210"	0.086013763656	17	"GFP"	6.64128668978032	93.4	6.68888888888889	2.89371658596	6.68888888888889
"1211"	0.086013763656	17	"GFP_x4"	6.64128668978032	373.6	6.68888888888889	2.89371658596	6.68888888888889
"1212"	0.086013763656	17	"mCh"	9.31522510564377	573.5	6.68888888888889	2.89371658596	6.68888888888889
"1213"	0.086013763656	18	"GFP"	7.03243268664764	90.3	7.10694444444444	2.89371658596	7.10694444444444
"1214"	0.086013763656	18	"GFP_x4"	7.03243268664764	361.2	7.10694444444444	2.89371658596	7.10694444444444
"1215"	0.086013763656	18	"mCh"	9.22040762221627	564.5	7.10694444444444	2.89371658596	7.10694444444444
"1216"	0.086013763656	19	"GFP"	6.76640181850203	84.8	7.525	2.89371658596	7.525
"1217"	0.086013763656	19	"GFP_x4"	6.76640181850203	339.2	7.525	2.89371658596	7.525
"1218"	0.086013763656	19	"mCh"	9.2341859152363	599.8	7.525	2.89371658596	7.525
"1219"	0.086013763656	20	"GFP"	6.32583227560944	92.8	7.94305555555555	2.89371658596	7.94305555555555
"1220"	0.086013763656	20	"GFP_x4"	6.32583227560944	371.2	7.94305555555555	2.89371658596	7.94305555555555
"1221"	0.086013763656	20	"mCh"	9.18720866400657	692.2	7.94305555555555	2.89371658596	7.94305555555555
"1222"	0.086013763656	21	"GFP"	6.14576777984463	93.8	8.36111111111111	2.89371658596	8.36111111111111
"1223"	0.086013763656	21	"GFP_x4"	6.14576777984463	375.2	8.36111111111111	2.89371658596	8.36111111111111
"1224"	0.086013763656	21	"mCh"	9.75508478465453	848.8	8.36111111111111	2.89371658596	8.36111111111111
"1225"	0.086013763656	22	"GFP"	6.40493100642676	82	8.77916666666667	2.89371658596	8.77916666666667
"1226"	0.086013763656	22	"GFP_x4"	6.40493100642676	328	8.77916666666667	2.89371658596	8.77916666666667
"1227"	0.086013763656	22	"mCh"	9.79378906337737	809	8.77916666666667	2.89371658596	8.77916666666667
"1228"	0.086013763656	23	"GFP"	6.43987760132289	86.4	9.19722222222222	2.89371658596	9.19722222222222
"1229"	0.086013763656	23	"GFP_x4"	6.43987760132289	345.6	9.19722222222222	2.89371658596	9.19722222222222
"1230"	0.086013763656	23	"mCh"	9.5824531366269	850.1	9.19722222222222	2.89371658596	9.19722222222222
"1231"	0.086013763656	24	"GFP"	6.2392213739154	73.6	9.61527777777778	2.89371658596	9.61527777777778
"1232"	0.086013763656	24	"GFP_x4"	6.2392213739154	294.4	9.61527777777778	2.89371658596	9.61527777777778
"1233"	0.086013763656	24	"mCh"	9.68533290914435	881.5	9.61527777777778	2.89371658596	9.61527777777778
"1234"	0.086013763656	25	"GFP"	6.1054790182151	67.4	10.0333333333333	2.89371658596	10.0333333333333
"1235"	0.086013763656	25	"GFP_x4"	6.1054790182151	269.6	10.0333333333333	2.89371658596	10.0333333333333
"1236"	0.086013763656	25	"mCh"	9.67075074259533	868.2	10.0333333333333	2.89371658596	10.0333333333333
"1237"	0.086013763656	26	"GFP"	6.62266387788243	58	10.4513888888889	2.89371658596	10.4513888888889
"1238"	0.086013763656	26	"GFP_x4"	6.62266387788243	232	10.4513888888889	2.89371658596	10.4513888888889
"1239"	0.086013763656	26	"mCh"	9.46390504712222	850.3	10.4513888888889	2.89371658596	10.4513888888889
"1240"	0.086013763656	27	"GFP"	5.67158183408073	57.9	10.8694444444444	2.89371658596	10.8694444444444
"1241"	0.086013763656	27	"GFP_x4"	5.67158183408073	231.6	10.8694444444444	2.89371658596	10.8694444444444
"1242"	0.086013763656	27	"mCh"	9.56695328676051	809.4	10.8694444444444	2.89371658596	10.8694444444444
"1243"	0.086013763656	28	"GFP"	5.97075089401957	60.6	11.2875	2.89371658596	11.2875
"1244"	0.086013763656	28	"GFP_x4"	5.97075089401957	242.4	11.2875	2.89371658596	11.2875
"1245"	0.086013763656	28	"mCh"	9.53069070793502	841.9	11.2875	2.89371658596	11.2875
"1246"	0.086013763656	29	"GFP"	6.15015315109758	52.1	11.7055555555556	2.89371658596	11.7055555555556
"1247"	0.086013763656	29	"GFP_x4"	6.15015315109758	208.4	11.7055555555556	2.89371658596	11.7055555555556
"1248"	0.086013763656	29	"mCh"	9.64374228032481	839.6	11.7055555555556	2.89371658596	11.7055555555556
"1249"	0.086013763656	30	"GFP"	6.05731759955444	59.2	12.1236111111111	2.89371658596	12.1236111111111
"1250"	0.086013763656	30	"GFP_x4"	6.05731759955444	236.8	12.1236111111111	2.89371658596	12.1236111111111
"1251"	0.086013763656	30	"mCh"	9.74713286711525	921	12.1236111111111	2.89371658596	12.1236111111111
"1252"	0.086013763656	31	"GFP"	6.25240320752085	66.6	12.5416666666667	2.89371658596	12.5416666666667
"1253"	0.086013763656	31	"GFP_x4"	6.25240320752085	266.4	12.5416666666667	2.89371658596	12.5416666666667
"1254"	0.086013763656	31	"mCh"	10.0439611209177	927.6	12.5416666666667	2.89371658596	12.5416666666667
"1420"	0.0924699778152	1	"GFP"	7.80365817802159	90.1	0	3.53933800188	0
"1421"	0.0924699778152	1	"GFP_x4"	7.80365817802159	360.4	0	3.53933800188	0
"1422"	0.0924699778152	1	"mCh"	12.091571561001	115.8	0	3.53933800188	0
"1423"	0.0924699778152	2	"GFP"	8.50783037705066	98.5	0.418055555555556	3.53933800188	0.418055555555556
"1424"	0.0924699778152	2	"GFP_x4"	8.50783037705066	394	0.418055555555556	3.53933800188	0.418055555555556
"1425"	0.0924699778152	2	"mCh"	11.945486429693	125.3	0.418055555555556	3.53933800188	0.418055555555556
"1426"	0.0924699778152	3	"GFP"	8.81868199715473	100.8	0.836111111111111	3.53933800188	0.836111111111111
"1427"	0.0924699778152	3	"GFP_x4"	8.81868199715473	403.2	0.836111111111111	3.53933800188	0.836111111111111
"1428"	0.0924699778152	3	"mCh"	11.8923001585427	145.1	0.836111111111111	3.53933800188	0.836111111111111
"1429"	0.0924699778152	4	"GFP"	8.60571573731694	125	1.25416666666667	3.53933800188	1.25416666666667
"1430"	0.0924699778152	4	"GFP_x4"	8.60571573731694	500	1.25416666666667	3.53933800188	1.25416666666667
"1431"	0.0924699778152	4	"mCh"	11.3921450498059	195.2	1.25416666666667	3.53933800188	1.25416666666667
"1432"	0.0924699778152	5	"GFP"	8.71309809951193	137.9	1.67222222222222	3.53933800188	1.67222222222222
"1433"	0.0924699778152	5	"GFP_x4"	8.71309809951193	551.6	1.67222222222222	3.53933800188	1.67222222222222
"1434"	0.0924699778152	5	"mCh"	11.683435340369	245.4	1.67222222222222	3.53933800188	1.67222222222222
"1435"	0.0924699778152	6	"GFP"	8.45130536190128	145.5	2.09027777777778	3.53933800188	2.09027777777778
"1436"	0.0924699778152	6	"GFP_x4"	8.45130536190128	582	2.09027777777778	3.53933800188	2.09027777777778
"1437"	0.0924699778152	6	"mCh"	11.5214707256935	304.1	2.09027777777778	3.53933800188	2.09027777777778
"1438"	0.0924699778152	7	"GFP"	8.27073600506881	165.9	2.50833333333333	3.53933800188	2.50833333333333
"1439"	0.0924699778152	7	"GFP_x4"	8.27073600506881	663.6	2.50833333333333	3.53933800188	2.50833333333333
"1440"	0.0924699778152	7	"mCh"	11.4474337705029	350.6	2.50833333333333	3.53933800188	2.50833333333333
"1441"	0.0924699778152	8	"GFP"	8.17739129431213	167.9	2.92638888888889	3.53933800188	2.92638888888889
"1442"	0.0924699778152	8	"GFP_x4"	8.17739129431213	671.6	2.92638888888889	3.53933800188	2.92638888888889
"1443"	0.0924699778152	8	"mCh"	11.1578808781084	409.3	2.92638888888889	3.53933800188	2.92638888888889
"1444"	0.0924699778152	9	"GFP"	7.96722766157956	180.3	3.34444444444444	3.53933800188	3.34444444444444
"1445"	0.0924699778152	9	"GFP_x4"	7.96722766157956	721.2	3.34444444444444	3.53933800188	3.34444444444444
"1446"	0.0924699778152	9	"mCh"	10.9499281048249	493.8	3.34444444444444	3.53933800188	3.34444444444444
"1447"	0.0924699778152	10	"GFP"	7.74636473262614	196.8	3.7625	3.53933800188	3.7625
"1448"	0.0924699778152	10	"GFP_x4"	7.74636473262614	787.2	3.7625	3.53933800188	3.7625
"1449"	0.0924699778152	10	"mCh"	10.7309005254108	569.8	3.7625	3.53933800188	3.7625
"1450"	0.0924699778152	11	"GFP"	7.68733567645956	214.6	4.18055555555556	3.53933800188	4.18055555555556
"1451"	0.0924699778152	11	"GFP_x4"	7.68733567645956	858.4	4.18055555555556	3.53933800188	4.18055555555556
"1452"	0.0924699778152	11	"mCh"	10.3066568330375	632.6	4.18055555555556	3.53933800188	4.18055555555556
"1453"	0.0924699778152	12	"GFP"	7.51859196805992	211.6	4.59861111111111	3.53933800188	4.59861111111111
"1454"	0.0924699778152	12	"GFP_x4"	7.51859196805992	846.4	4.59861111111111	3.53933800188	4.59861111111111
"1455"	0.0924699778152	12	"mCh"	10.1677951649453	701.8	4.59861111111111	3.53933800188	4.59861111111111
"1456"	0.0924699778152	13	"GFP"	7.21211108126633	235.8	5.01666666666667	3.53933800188	5.01666666666667
"1457"	0.0924699778152	13	"GFP_x4"	7.21211108126633	943.2	5.01666666666667	3.53933800188	5.01666666666667
"1458"	0.0924699778152	13	"mCh"	9.81843299236041	802.9	5.01666666666667	3.53933800188	5.01666666666667
"1459"	0.0924699778152	14	"GFP"	7.62997625433694	216.6	5.43472222222222	3.53933800188	5.43472222222222
"1460"	0.0924699778152	14	"GFP_x4"	7.62997625433694	866.4	5.43472222222222	3.53933800188	5.43472222222222
"1461"	0.0924699778152	14	"mCh"	9.85440115460275	790.1	5.43472222222222	3.53933800188	5.43472222222222
"1462"	0.0924699778152	15	"GFP"	7.31675138647172	192.4	5.85277777777778	3.53933800188	5.85277777777778
"1463"	0.0924699778152	15	"GFP_x4"	7.31675138647172	769.6	5.85277777777778	3.53933800188	5.85277777777778
"1464"	0.0924699778152	15	"mCh"	9.58079726039844	767.2	5.85277777777778	3.53933800188	5.85277777777778
"1465"	0.0924699778152	16	"GFP"	7.17262471337585	171.8	6.27083333333333	3.53933800188	6.27083333333333
"1466"	0.0924699778152	16	"GFP_x4"	7.17262471337585	687.2	6.27083333333333	3.53933800188	6.27083333333333
"1467"	0.0924699778152	16	"mCh"	9.59655272504517	798	6.27083333333333	3.53933800188	6.27083333333333
"1468"	0.0924699778152	17	"GFP"	7.03283457566538	172.1	6.68888888888889	3.53933800188	6.68888888888889
"1469"	0.0924699778152	17	"GFP_x4"	7.03283457566538	688.4	6.68888888888889	3.53933800188	6.68888888888889
"1470"	0.0924699778152	17	"mCh"	9.65974997303489	896.9	6.68888888888889	3.53933800188	6.68888888888889
"1471"	0.0924699778152	18	"GFP"	7.06573997650369	169.2	7.10694444444444	3.53933800188	7.10694444444444
"1472"	0.0924699778152	18	"GFP_x4"	7.06573997650369	676.8	7.10694444444444	3.53933800188	7.10694444444444
"1473"	0.0924699778152	18	"mCh"	9.73442962989635	918.7	7.10694444444444	3.53933800188	7.10694444444444
"1474"	0.0924699778152	19	"GFP"	6.48469152871051	128.8	7.525	3.53933800188	7.525
"1475"	0.0924699778152	19	"GFP_x4"	6.48469152871051	515.2	7.525	3.53933800188	7.525
"1476"	0.0924699778152	19	"mCh"	9.47610157335133	837.3	7.525	3.53933800188	7.525
"1477"	0.0924699778152	20	"GFP"	6.82473325237384	124.2	7.94305555555555	3.53933800188	7.94305555555555
"1478"	0.0924699778152	20	"GFP_x4"	6.82473325237384	496.8	7.94305555555555	3.53933800188	7.94305555555555
"1479"	0.0924699778152	20	"mCh"	9.8026222505182	874	7.94305555555555	3.53933800188	7.94305555555555
"1480"	0.0924699778152	21	"GFP"	6.62124916532	103.9	8.36111111111111	3.53933800188	8.36111111111111
"1481"	0.0924699778152	21	"GFP_x4"	6.62124916532	415.6	8.36111111111111	3.53933800188	8.36111111111111
"1482"	0.0924699778152	21	"mCh"	9.9649578186561	878.2	8.36111111111111	3.53933800188	8.36111111111111
"1483"	0.0924699778152	22	"GFP"	6.5696412251073	123.7	8.77916666666667	3.53933800188	8.77916666666667
"1484"	0.0924699778152	22	"GFP_x4"	6.5696412251073	494.8	8.77916666666667	3.53933800188	8.77916666666667
"1485"	0.0924699778152	22	"mCh"	9.80997696694624	947.1	8.77916666666667	3.53933800188	8.77916666666667
"1486"	0.0924699778152	23	"GFP"	6.56560877396342	99.9	9.19722222222222	3.53933800188	9.19722222222222
"1487"	0.0924699778152	23	"GFP_x4"	6.56560877396342	399.6	9.19722222222222	3.53933800188	9.19722222222222
"1488"	0.0924699778152	23	"mCh"	9.78197154848596	901.7	9.19722222222222	3.53933800188	9.19722222222222
"1489"	0.0924699778152	24	"GFP"	6.41928537091946	91.4	9.61527777777778	3.53933800188	9.61527777777778
"1490"	0.0924699778152	24	"GFP_x4"	6.41928537091946	365.6	9.61527777777778	3.53933800188	9.61527777777778
"1491"	0.0924699778152	24	"mCh"	9.64290038801433	927.4	9.61527777777778	3.53933800188	9.61527777777778
"1492"	0.0924699778152	25	"GFP"	6.42215808972169	96.6	10.0333333333333	3.53933800188	10.0333333333333
"1493"	0.0924699778152	25	"GFP_x4"	6.42215808972169	386.4	10.0333333333333	3.53933800188	10.0333333333333
"1494"	0.0924699778152	25	"mCh"	9.83583392650818	954	10.0333333333333	3.53933800188	10.0333333333333
"1495"	0.0924699778152	26	"GFP"	6.38457659539262	103	10.4513888888889	3.53933800188	10.4513888888889
"1496"	0.0924699778152	26	"GFP_x4"	6.38457659539262	412	10.4513888888889	3.53933800188	10.4513888888889
"1497"	0.0924699778152	26	"mCh"	9.97610712433907	999.8	10.4513888888889	3.53933800188	10.4513888888889
"1498"	0.0924699778152	27	"GFP"	6.38863312328517	101.4	10.8694444444444	3.53933800188	10.8694444444444
"1499"	0.0924699778152	27	"GFP_x4"	6.38863312328517	405.6	10.8694444444444	3.53933800188	10.8694444444444
"1500"	0.0924699778152	27	"mCh"	10.0407496717006	993.4	10.8694444444444	3.53933800188	10.8694444444444
"1501"	0.0924699778152	28	"GFP"	6.52470516309591	99.2	11.2875	3.53933800188	11.2875
"1502"	0.0924699778152	28	"GFP_x4"	6.52470516309591	396.8	11.2875	3.53933800188	11.2875
"1503"	0.0924699778152	28	"mCh"	10.1225053640697	1005.1	11.2875	3.53933800188	11.2875
"1504"	0.0924699778152	29	"GFP"	6.15675839018695	96.4	11.7055555555556	3.53933800188	11.7055555555556
"1505"	0.0924699778152	29	"GFP_x4"	6.15675839018695	385.6	11.7055555555556	3.53933800188	11.7055555555556
"1506"	0.0924699778152	29	"mCh"	10.1472666211445	961.2	11.7055555555556	3.53933800188	11.7055555555556
"1507"	0.0924699778152	30	"GFP"	6.41873135030696	100.7	12.1236111111111	3.53933800188	12.1236111111111
"1508"	0.0924699778152	30	"GFP_x4"	6.41873135030696	402.8	12.1236111111111	3.53933800188	12.1236111111111
"1509"	0.0924699778152	30	"mCh"	10.2134281466854	987.6	12.1236111111111	3.53933800188	12.1236111111111
"1510"	0.0924699778152	31	"GFP"	6.21240202197055	89.9	12.5416666666667	3.53933800188	12.5416666666667
"1511"	0.0924699778152	31	"GFP_x4"	6.21240202197055	359.6	12.5416666666667	3.53933800188	12.5416666666667
"1512"	0.0924699778152	31	"mCh"	10.2291635756627	964.4	12.5416666666667	3.53933800188	12.5416666666667
"1678"	0.0996620196444	1	"GFP"	8.62815530978069	87.6	0	4.2585421848	0
"1679"	0.0996620196444	1	"GFP_x4"	8.62815530978069	350.4	0	4.2585421848	0
"1680"	0.0996620196444	1	"mCh"	11.9950998714235	103.5	0	4.2585421848	0
"1681"	0.0996620196444	2	"GFP"	9.04960352853798	96.1	0.418055555555556	4.2585421848	0.418055555555556
"1682"	0.0996620196444	2	"GFP_x4"	9.04960352853798	384.4	0.418055555555556	4.2585421848	0.418055555555556
"1683"	0.0996620196444	2	"mCh"	11.8555200133448	107.4	0.418055555555556	4.2585421848	0.418055555555556
"1684"	0.0996620196444	3	"GFP"	9.24664954808048	105.3	0.836111111111111	4.2585421848	0.836111111111111
"1685"	0.0996620196444	3	"GFP_x4"	9.24664954808048	421.2	0.836111111111111	4.2585421848	0.836111111111111
"1686"	0.0996620196444	3	"mCh"	11.7689615359429	143.9	0.836111111111111	4.2585421848	0.836111111111111
"1687"	0.0996620196444	4	"GFP"	9.06041253567708	122.5	1.25416666666667	4.2585421848	1.25416666666667
"1688"	0.0996620196444	4	"GFP_x4"	9.06041253567708	490	1.25416666666667	4.2585421848	1.25416666666667
"1689"	0.0996620196444	4	"mCh"	11.5916061178358	182.9	1.25416666666667	4.2585421848	1.25416666666667
"1690"	0.0996620196444	5	"GFP"	9.01605519330082	148.8	1.67222222222222	4.2585421848	1.67222222222222
"1691"	0.0996620196444	5	"GFP_x4"	9.01605519330082	595.2	1.67222222222222	4.2585421848	1.67222222222222
"1692"	0.0996620196444	5	"mCh"	11.9714713126279	236.9	1.67222222222222	4.2585421848	1.67222222222222
"1693"	0.0996620196444	6	"GFP"	8.89855594776301	162.7	2.09027777777778	4.2585421848	2.09027777777778
"1694"	0.0996620196444	6	"GFP_x4"	8.89855594776301	650.8	2.09027777777778	4.2585421848	2.09027777777778
"1695"	0.0996620196444	6	"mCh"	11.6837045302476	307.1	2.09027777777778	4.2585421848	2.09027777777778
"1696"	0.0996620196444	7	"GFP"	8.68360796635387	191.4	2.50833333333333	4.2585421848	2.50833333333333
"1697"	0.0996620196444	7	"GFP_x4"	8.68360796635387	765.6	2.50833333333333	4.2585421848	2.50833333333333
"1698"	0.0996620196444	7	"mCh"	11.4734896814265	380	2.50833333333333	4.2585421848	2.50833333333333
"1699"	0.0996620196444	8	"GFP"	8.52087455526037	211.9	2.92638888888889	4.2585421848	2.92638888888889
"1700"	0.0996620196444	8	"GFP_x4"	8.52087455526037	847.6	2.92638888888889	4.2585421848	2.92638888888889
"1701"	0.0996620196444	8	"mCh"	11.2648232970203	440	2.92638888888889	4.2585421848	2.92638888888889
"1702"	0.0996620196444	9	"GFP"	8.34641015084228	222.3	3.34444444444444	4.2585421848	3.34444444444444
"1703"	0.0996620196444	9	"GFP_x4"	8.34641015084228	889.2	3.34444444444444	4.2585421848	3.34444444444444
"1704"	0.0996620196444	9	"mCh"	11.1251741096869	529.4	3.34444444444444	4.2585421848	3.34444444444444
"1705"	0.0996620196444	10	"GFP"	8.12890770240042	224.7	3.7625	4.2585421848	3.7625
"1706"	0.0996620196444	10	"GFP_x4"	8.12890770240042	898.8	3.7625	4.2585421848	3.7625
"1707"	0.0996620196444	10	"mCh"	10.8223951316069	606.1	3.7625	4.2585421848	3.7625
"1708"	0.0996620196444	11	"GFP"	7.91950913691873	263.1	4.18055555555556	4.2585421848	4.18055555555556
"1709"	0.0996620196444	11	"GFP_x4"	7.91950913691873	1052.4	4.18055555555556	4.2585421848	4.18055555555556
"1710"	0.0996620196444	11	"mCh"	10.4518013779444	700.6	4.18055555555556	4.2585421848	4.18055555555556
"1711"	0.0996620196444	12	"GFP"	7.8018152662889	271.7	4.59861111111111	4.2585421848	4.59861111111111
"1712"	0.0996620196444	12	"GFP_x4"	7.8018152662889	1086.8	4.59861111111111	4.2585421848	4.59861111111111
"1713"	0.0996620196444	12	"mCh"	10.3071830469622	790.2	4.59861111111111	4.2585421848	4.59861111111111
"1714"	0.0996620196444	13	"GFP"	7.61406875764952	255.1	5.01666666666667	4.2585421848	5.01666666666667
"1715"	0.0996620196444	13	"GFP_x4"	7.61406875764952	1020.4	5.01666666666667	4.2585421848	5.01666666666667
"1716"	0.0996620196444	13	"mCh"	10.0685747236476	827.7	5.01666666666667	4.2585421848	5.01666666666667
"1717"	0.0996620196444	14	"GFP"	7.81023061532076	262.8	5.43472222222222	4.2585421848	5.43472222222222
"1718"	0.0996620196444	14	"GFP_x4"	7.81023061532076	1051.2	5.43472222222222	4.2585421848	5.43472222222222
"1719"	0.0996620196444	14	"mCh"	9.9456138817144	871.9	5.43472222222222	4.2585421848	5.43472222222222
"1720"	0.0996620196444	15	"GFP"	7.50077723172916	261.1	5.85277777777778	4.2585421848	5.85277777777778
"1721"	0.0996620196444	15	"GFP_x4"	7.50077723172916	1044.4	5.85277777777778	4.2585421848	5.85277777777778
"1722"	0.0996620196444	15	"mCh"	9.72534907621709	948.9	5.85277777777778	4.2585421848	5.85277777777778
"1723"	0.0996620196444	16	"GFP"	7.28884125644933	245.5	6.27083333333333	4.2585421848	6.27083333333333
"1724"	0.0996620196444	16	"GFP_x4"	7.28884125644933	982	6.27083333333333	4.2585421848	6.27083333333333
"1725"	0.0996620196444	16	"mCh"	9.88834382419809	982.4	6.27083333333333	4.2585421848	6.27083333333333
"1726"	0.0996620196444	17	"GFP"	7.16466739507732	253.4	6.68888888888889	4.2585421848	6.68888888888889
"1727"	0.0996620196444	17	"GFP_x4"	7.16466739507732	1013.6	6.68888888888889	4.2585421848	6.68888888888889
"1728"	0.0996620196444	17	"mCh"	9.80018998967603	1026.6	6.68888888888889	4.2585421848	6.68888888888889
"1729"	0.0996620196444	18	"GFP"	7.20798599948291	231.6	7.10694444444444	4.2585421848	7.10694444444444
"1730"	0.0996620196444	18	"GFP_x4"	7.20798599948291	926.4	7.10694444444444	4.2585421848	7.10694444444444
"1731"	0.0996620196444	18	"mCh"	9.81013937433167	1076.3	7.10694444444444	4.2585421848	7.10694444444444
"1732"	0.0996620196444	19	"GFP"	7.12674637896291	229	7.525	4.2585421848	7.525
"1733"	0.0996620196444	19	"GFP_x4"	7.12674637896291	916	7.525	4.2585421848	7.525
"1734"	0.0996620196444	19	"mCh"	10.0122176266883	1098.7	7.525	4.2585421848	7.525
"1735"	0.0996620196444	20	"GFP"	7.15066128054596	209.5	7.94305555555555	4.2585421848	7.94305555555555
"1736"	0.0996620196444	20	"GFP_x4"	7.15066128054596	838	7.94305555555555	4.2585421848	7.94305555555555
"1737"	0.0996620196444	20	"mCh"	10.3723070813976	1079.6	7.94305555555555	4.2585421848	7.94305555555555
"1738"	0.0996620196444	21	"GFP"	6.99692280268863	192.2	8.36111111111111	4.2585421848	8.36111111111111
"1739"	0.0996620196444	21	"GFP_x4"	6.99692280268863	768.8	8.36111111111111	4.2585421848	8.36111111111111
"1740"	0.0996620196444	21	"mCh"	10.3350146304108	1052	8.36111111111111	4.2585421848	8.36111111111111
"1741"	0.0996620196444	22	"GFP"	7.05458413874807	195	8.77916666666667	4.2585421848	8.77916666666667
"1742"	0.0996620196444	22	"GFP_x4"	7.05458413874807	780	8.77916666666667	4.2585421848	8.77916666666667
"1743"	0.0996620196444	22	"mCh"	10.352119253961	1084.2	8.77916666666667	4.2585421848	8.77916666666667
"1744"	0.0996620196444	23	"GFP"	6.89362334049979	191.7	9.19722222222222	4.2585421848	9.19722222222222
"1745"	0.0996620196444	23	"GFP_x4"	6.89362334049979	766.8	9.19722222222222	4.2585421848	9.19722222222222
"1746"	0.0996620196444	23	"mCh"	10.2942303179869	1099.4	9.19722222222222	4.2585421848	9.19722222222222
"1747"	0.0996620196444	24	"GFP"	6.98612617914032	198.1	9.61527777777778	4.2585421848	9.61527777777778
"1748"	0.0996620196444	24	"GFP_x4"	6.98612617914032	792.4	9.61527777777778	4.2585421848	9.61527777777778
"1749"	0.0996620196444	24	"mCh"	10.4065408829894	1095.3	9.61527777777778	4.2585421848	9.61527777777778
"1750"	0.0996620196444	25	"GFP"	6.97788827531064	196.3	10.0333333333333	4.2585421848	10.0333333333333
"1751"	0.0996620196444	25	"GFP_x4"	6.97788827531064	785.2	10.0333333333333	4.2585421848	10.0333333333333
"1752"	0.0996620196444	25	"mCh"	10.4054859703053	1120.2	10.0333333333333	4.2585421848	10.0333333333333
"1753"	0.0996620196444	26	"GFP"	6.97714444988226	206.5	10.4513888888889	4.2585421848	10.4513888888889
"1754"	0.0996620196444	26	"GFP_x4"	6.97714444988226	826	10.4513888888889	4.2585421848	10.4513888888889
"1755"	0.0996620196444	26	"mCh"	10.4675424284453	1104.5	10.4513888888889	4.2585421848	10.4513888888889
"1756"	0.0996620196444	27	"GFP"	6.84378840243658	214.8	10.8694444444444	4.2585421848	10.8694444444444
"1757"	0.0996620196444	27	"GFP_x4"	6.84378840243658	859.2	10.8694444444444	4.2585421848	10.8694444444444
"1758"	0.0996620196444	27	"mCh"	10.6499872153833	1108.8	10.8694444444444	4.2585421848	10.8694444444444
"1759"	0.0996620196444	28	"GFP"	6.94362705429081	218.6	11.2875	4.2585421848	11.2875
"1760"	0.0996620196444	28	"GFP_x4"	6.94362705429081	874.4	11.2875	4.2585421848	11.2875
"1761"	0.0996620196444	28	"mCh"	10.6373840193157	1100.1	11.2875	4.2585421848	11.2875
"1762"	0.0996620196444	29	"GFP"	6.98588462399619	217	11.7055555555556	4.2585421848	11.7055555555556
"1763"	0.0996620196444	29	"GFP_x4"	6.98588462399619	868	11.7055555555556	4.2585421848	11.7055555555556
"1764"	0.0996620196444	29	"mCh"	10.6358719880715	1093.8	11.7055555555556	4.2585421848	11.7055555555556
"1765"	0.0996620196444	30	"GFP"	6.81104652716263	207	12.1236111111111	4.2585421848	12.1236111111111
"1766"	0.0996620196444	30	"GFP_x4"	6.81104652716263	828	12.1236111111111	4.2585421848	12.1236111111111
"1767"	0.0996620196444	30	"mCh"	10.4972926782044	1086.3	12.1236111111111	4.2585421848	12.1236111111111
"1768"	0.0996620196444	31	"GFP"	6.9197645014035	212.4	12.5416666666667	4.2585421848	12.5416666666667
"1769"	0.0996620196444	31	"GFP_x4"	6.9197645014035	849.6	12.5416666666667	4.2585421848	12.5416666666667
"1770"	0.0996620196444	31	"mCh"	10.6606412463954	1082.6	12.5416666666667	4.2585421848	12.5416666666667
"1936"	0.1065663632184	1	"GFP"	8.00700198183112	86.2	0	4.9489765422	0
"1937"	0.1065663632184	1	"GFP_x4"	8.00700198183112	344.8	0	4.9489765422	0
"1938"	0.1065663632184	1	"mCh"	NA	99.4	0	4.9489765422	0
"1939"	0.1065663632184	2	"GFP"	8.42353194046637	87.7	0.418055555555556	4.9489765422	0.418055555555556
"1940"	0.1065663632184	2	"GFP_x4"	8.42353194046637	350.8	0.418055555555556	4.9489765422	0.418055555555556
"1941"	0.1065663632184	2	"mCh"	11.5161504737687	115.2	0.418055555555556	4.9489765422	0.418055555555556
"1942"	0.1065663632184	3	"GFP"	8.68443935649233	97.2	0.836111111111111	4.9489765422	0.836111111111111
"1943"	0.1065663632184	3	"GFP_x4"	8.68443935649233	388.8	0.836111111111111	4.9489765422	0.836111111111111
"1944"	0.1065663632184	3	"mCh"	11.3805670724195	130.6	0.836111111111111	4.9489765422	0.836111111111111
"1945"	0.1065663632184	4	"GFP"	8.81001092298073	105.6	1.25416666666667	4.9489765422	1.25416666666667
"1946"	0.1065663632184	4	"GFP_x4"	8.81001092298073	422.4	1.25416666666667	4.9489765422	1.25416666666667
"1947"	0.1065663632184	4	"mCh"	11.2925172453332	165.1	1.25416666666667	4.9489765422	1.25416666666667
"1948"	0.1065663632184	5	"GFP"	8.94501762010128	125.4	1.67222222222222	4.9489765422	1.67222222222222
"1949"	0.1065663632184	5	"GFP_x4"	8.94501762010128	501.6	1.67222222222222	4.9489765422	1.67222222222222
"1950"	0.1065663632184	5	"mCh"	11.8528990703298	225.5	1.67222222222222	4.9489765422	1.67222222222222
"1951"	0.1065663632184	6	"GFP"	8.57437328926998	138.9	2.09027777777778	4.9489765422	2.09027777777778
"1952"	0.1065663632184	6	"GFP_x4"	8.57437328926998	555.6	2.09027777777778	4.9489765422	2.09027777777778
"1953"	0.1065663632184	6	"mCh"	11.482581923958	295.6	2.09027777777778	4.9489765422	2.09027777777778
"1954"	0.1065663632184	7	"GFP"	8.32109721645513	176.1	2.50833333333333	4.9489765422	2.50833333333333
"1955"	0.1065663632184	7	"GFP_x4"	8.32109721645513	704.4	2.50833333333333	4.9489765422	2.50833333333333
"1956"	0.1065663632184	7	"mCh"	11.4159466459636	371.3	2.50833333333333	4.9489765422	2.50833333333333
"1957"	0.1065663632184	8	"GFP"	8.0201934257616	185.7	2.92638888888889	4.9489765422	2.92638888888889
"1958"	0.1065663632184	8	"GFP_x4"	8.0201934257616	742.8	2.92638888888889	4.9489765422	2.92638888888889
"1959"	0.1065663632184	8	"mCh"	11.03931073225	457.3	2.92638888888889	4.9489765422	2.92638888888889
"1960"	0.1065663632184	9	"GFP"	7.8220302662455	212.8	3.34444444444444	4.9489765422	3.34444444444444
"1961"	0.1065663632184	9	"GFP_x4"	7.8220302662455	851.2	3.34444444444444	4.9489765422	3.34444444444444
"1962"	0.1065663632184	9	"mCh"	10.7088513500567	535.8	3.34444444444444	4.9489765422	3.34444444444444
"1963"	0.1065663632184	10	"GFP"	7.6518461234034	253.9	3.7625	4.9489765422	3.7625
"1964"	0.1065663632184	10	"GFP_x4"	7.6518461234034	1015.6	3.7625	4.9489765422	3.7625
"1965"	0.1065663632184	10	"mCh"	10.241900848864	659.6	3.7625	4.9489765422	3.7625
"1966"	0.1065663632184	11	"GFP"	7.32973129241022	239.3	4.18055555555556	4.9489765422	4.18055555555556
"1967"	0.1065663632184	11	"GFP_x4"	7.32973129241022	957.2	4.18055555555556	4.9489765422	4.18055555555556
"1968"	0.1065663632184	11	"mCh"	9.84628237611232	706.7	4.18055555555556	4.9489765422	4.18055555555556
"1969"	0.1065663632184	12	"GFP"	7.07745521396181	231	4.59861111111111	4.9489765422	4.59861111111111
"1970"	0.1065663632184	12	"GFP_x4"	7.07745521396181	924	4.59861111111111	4.9489765422	4.59861111111111
"1971"	0.1065663632184	12	"mCh"	9.83589218992282	757.4	4.59861111111111	4.9489765422	4.59861111111111
"1972"	0.1065663632184	13	"GFP"	6.96431407932957	241.7	5.01666666666667	4.9489765422	5.01666666666667
"1973"	0.1065663632184	13	"GFP_x4"	6.96431407932957	966.8	5.01666666666667	4.9489765422	5.01666666666667
"1974"	0.1065663632184	13	"mCh"	9.81511395342706	827.1	5.01666666666667	4.9489765422	5.01666666666667
"1975"	0.1065663632184	14	"GFP"	7.10430077510119	218.9	5.43472222222222	4.9489765422	5.43472222222222
"1976"	0.1065663632184	14	"GFP_x4"	7.10430077510119	875.6	5.43472222222222	4.9489765422	5.43472222222222
"1977"	0.1065663632184	14	"mCh"	9.50214928002272	847.3	5.43472222222222	4.9489765422	5.43472222222222
"1978"	0.1065663632184	15	"GFP"	6.85797598313645	217.4	5.85277777777778	4.9489765422	5.85277777777778
"1979"	0.1065663632184	15	"GFP_x4"	6.85797598313645	869.6	5.85277777777778	4.9489765422	5.85277777777778
"1980"	0.1065663632184	15	"mCh"	9.41342829390061	938.2	5.85277777777778	4.9489765422	5.85277777777778
"1981"	0.1065663632184	16	"GFP"	6.57247688940362	214.8	6.27083333333333	4.9489765422	6.27083333333333
"1982"	0.1065663632184	16	"GFP_x4"	6.57247688940362	859.2	6.27083333333333	4.9489765422	6.27083333333333
"1983"	0.1065663632184	16	"mCh"	9.35857042096402	997.5	6.27083333333333	4.9489765422	6.27083333333333
"1984"	0.1065663632184	17	"GFP"	6.72141191170085	210.8	6.68888888888889	4.9489765422	6.68888888888889
"1985"	0.1065663632184	17	"GFP_x4"	6.72141191170085	843.2	6.68888888888889	4.9489765422	6.68888888888889
"1986"	0.1065663632184	17	"mCh"	9.40506488840347	1013.4	6.68888888888889	4.9489765422	6.68888888888889
"1987"	0.1065663632184	18	"GFP"	6.76587759048282	222.8	7.10694444444444	4.9489765422	7.10694444444444
"1988"	0.1065663632184	18	"GFP_x4"	6.76587759048282	891.2	7.10694444444444	4.9489765422	7.10694444444444
"1989"	0.1065663632184	18	"mCh"	9.42391934445105	1082.7	7.10694444444444	4.9489765422	7.10694444444444
"1990"	0.1065663632184	19	"GFP"	6.55562441819603	218.1	7.525	4.9489765422	7.525
"1991"	0.1065663632184	19	"GFP_x4"	6.55562441819603	872.4	7.525	4.9489765422	7.525
"1992"	0.1065663632184	19	"mCh"	9.80668744789853	1143.5	7.525	4.9489765422	7.525
"1993"	0.1065663632184	20	"GFP"	6.45583170423393	197.9	7.94305555555555	4.9489765422	7.94305555555555
"1994"	0.1065663632184	20	"GFP_x4"	6.45583170423393	791.6	7.94305555555555	4.9489765422	7.94305555555555
"1995"	0.1065663632184	20	"mCh"	10.0375115801186	1141.1	7.94305555555555	4.9489765422	7.94305555555555
"1996"	0.1065663632184	21	"GFP"	6.71324256781441	214.4	8.36111111111111	4.9489765422	8.36111111111111
"1997"	0.1065663632184	21	"GFP_x4"	6.71324256781441	857.6	8.36111111111111	4.9489765422	8.36111111111111
"1998"	0.1065663632184	21	"mCh"	10.4708515004691	1098.7	8.36111111111111	4.9489765422	8.36111111111111
"1999"	0.1065663632184	22	"GFP"	6.60873649032782	219.2	8.77916666666667	4.9489765422	8.77916666666667
"2000"	0.1065663632184	22	"GFP_x4"	6.60873649032782	876.8	8.77916666666667	4.9489765422	8.77916666666667
"2001"	0.1065663632184	22	"mCh"	10.709444945731	1092.7	8.77916666666667	4.9489765422	8.77916666666667
"2002"	0.1065663632184	23	"GFP"	6.69068562334197	231.4	9.19722222222222	4.9489765422	9.19722222222222
"2003"	0.1065663632184	23	"GFP_x4"	6.69068562334197	925.6	9.19722222222222	4.9489765422	9.19722222222222
"2004"	0.1065663632184	23	"mCh"	10.7490173088782	1052.5	9.19722222222222	4.9489765422	9.19722222222222
"2005"	0.1065663632184	24	"GFP"	6.88591979304265	240	9.61527777777778	4.9489765422	9.61527777777778
"2006"	0.1065663632184	24	"GFP_x4"	6.88591979304265	960	9.61527777777778	4.9489765422	9.61527777777778
"2007"	0.1065663632184	24	"mCh"	10.7841239879658	1056.8	9.61527777777778	4.9489765422	9.61527777777778
"2008"	0.1065663632184	25	"GFP"	6.82825338496083	237.6	10.0333333333333	4.9489765422	10.0333333333333
"2009"	0.1065663632184	25	"GFP_x4"	6.82825338496083	950.4	10.0333333333333	4.9489765422	10.0333333333333
"2010"	0.1065663632184	25	"mCh"	10.9329976312958	1066.1	10.0333333333333	4.9489765422	10.0333333333333
"2011"	0.1065663632184	26	"GFP"	6.99431733402874	247.2	10.4513888888889	4.9489765422	10.4513888888889
"2012"	0.1065663632184	26	"GFP_x4"	6.99431733402874	988.8	10.4513888888889	4.9489765422	10.4513888888889
"2013"	0.1065663632184	26	"mCh"	10.830288327276	1033.2	10.4513888888889	4.9489765422	10.4513888888889
"2014"	0.1065663632184	27	"GFP"	6.78216514854492	252	10.8694444444444	4.9489765422	10.8694444444444
"2015"	0.1065663632184	27	"GFP_x4"	6.78216514854492	1008	10.8694444444444	4.9489765422	10.8694444444444
"2016"	0.1065663632184	27	"mCh"	10.8491191233892	1032.3	10.8694444444444	4.9489765422	10.8694444444444
"2017"	0.1065663632184	28	"GFP"	6.87305826000011	253.4	11.2875	4.9489765422	11.2875
"2018"	0.1065663632184	28	"GFP_x4"	6.87305826000011	1013.6	11.2875	4.9489765422	11.2875
"2019"	0.1065663632184	28	"mCh"	10.875088407698	1019.5	11.2875	4.9489765422	11.2875
"2020"	0.1065663632184	29	"GFP"	6.94370457791205	257	11.7055555555556	4.9489765422	11.7055555555556
"2021"	0.1065663632184	29	"GFP_x4"	6.94370457791205	1028	11.7055555555556	4.9489765422	11.7055555555556
"2022"	0.1065663632184	29	"mCh"	10.8543018093425	1000	11.7055555555556	4.9489765422	11.7055555555556
"2023"	0.1065663632184	30	"GFP"	6.91848918906562	258.2	12.1236111111111	4.9489765422	12.1236111111111
"2024"	0.1065663632184	30	"GFP_x4"	6.91848918906562	1032.8	12.1236111111111	4.9489765422	12.1236111111111
"2025"	0.1065663632184	30	"mCh"	10.8895818236533	987.6	12.1236111111111	4.9489765422	12.1236111111111
"2026"	0.1065663632184	31	"GFP"	6.87449454085378	252.8	12.5416666666667	4.9489765422	12.5416666666667
"2027"	0.1065663632184	31	"GFP_x4"	6.87449454085378	1011.2	12.5416666666667	4.9489765422	12.5416666666667
"2028"	0.1065663632184	31	"mCh"	10.8421585920968	1009.3	12.5416666666667	4.9489765422	12.5416666666667
